20 79 40 50 96 10 39 27 63 43 12 74 83 28 79 41 14 18 92 33
79 57 78 33 39 13 35 31 38 15 38 97 46 79 65 28 54 79 67 61
13 17 58 53 84 36 32 40 32 75 93 33 13 28 11 87 70 47 68 27
10 19 37 78 66 47 96 73 82 39 61 39 15 79 71 89 49 84 96 20
39 93 83 38 63 67 60 26 24 73 84 86 89 76 72 69 29 71 79 13
42 51 64 78 53 58 63 21 18 74 15 30 83 89 26 24 92 14 52 49
71 44 50 47 10 21 90 25 76 57 60 89 86 35 50 30 36 44 20 11
93 94 80 49 65 55 17 94 77 48 49 35 38 24 67 25 16 75 90 54
48 34 14 12 44 61 71 20 62 43 70 53 29 11 74 93 99 52 99 73
32 34 64 24 45 18 71 79 94 47 47 20 87 53 97 71 89 61 48 48
81 81 14 90 94 83 79 87 10 95 47 16 69 55 39 35 78 64 10 76
60 97 26 51 36 27 82 84 34 31 24 28 33 88 76 78 22 74 20 98
23 55 48 57 82 83 99 33 80 10 54 70 20 14 28 70 46 21 86 36
48 91 39 69 16 32 70 68 93 85 83 78 39 14 26 71 42 42 56 80
17 31 56 19 24 51 25 86 94 20 11 77 96 12 74 43 19 18 51 78
81 85 37 25 94 43 33 28 56 45 81 86 37 45 44 26 26 88 65 60
74 27 51 49 21 76 32 88 72 35 38 10 57 13 64 28 36 89 86 27
96 85 83 73 40 90 69 74 12 35 16 65 65 96 22 12 19 78 98 51
81 40 97 31 78 48 92 19 43 17 77 47 71 85 42 82 15 44 42 39
24 49 63 53 65 31 61 39 30 43 51 99 91 36 57 85 46 71 21 25